98 1
50 7
57 18
73 27
50 6
15 43
32 30
5 45
36 94
61 93
84 18
66 22
4 29
40 23
69 34
54 32
66 20
37 9
85 73
11 33
89 96
92 70
18 16
5 91
46 98
67 32
34 83
7 81
68 22
58 6
4 56
9 79
80 90
39 68
9 4
96 43
56 37
1 94
96 83
24 10
36 81
85 25
21 1
35 87
1 40
30 26
17 86
14 98
70 30
26 85
26 54
37 35
81 34
39 45
35 78
41 24
66 32
5 25
76 22
19 60
75 95
52 20
77 81
80 56
5 34
31 66
39 49
35 59
79 9
36 19
58 37
42 11
48 5
68 56
71 85
36 64
9 49
73 29
73 3
33 45
13 80
3 97
17 97
99 74
66 90
25 1
82 58
25 4
22 45
26 96
50 50
74 49
13 66
91 20
53 46
74 83
35 6
45 25
38 71
99 66